9999
9997
9992
9985
9986
9986
9975
9973
9983
9968
9969
9968
9969
9970
9953
9964
9928
9955
9966
9968
9938
9937
9968
9935
9948
9961
9963
9963
9962
9936
9944
9901
9955
9920
9919
9949
9948
9961
9948
9946
9961
9928
9903
9891
9896
9963
9966
9932
9904
9937
9945
9956
9958
9934
9948
9889
9898
9869
9960
9906
9911
9941
9922
9897
9879
9940
9952
9905
9865
9875
9875
9885
9877
9945
9947
9938
9951
9841
9888
9852
9677
9943
9915
9862
9759
9860
9891
9752
9890
9824
9891
9957
9922
9838
9956
9879
9897
9821
9874
9899
9909
9940
9909
9704
9946
9892
9938
9615
9807
9539
9943
9789
9865
9871
9852
9836
9863
9876
9945
9880
9874
9860
9906
9901
9900
9509
9917
9739
9861
9839
9812
9885
9929
9620
9938
9905
9832
9728
9861
9872
9874
9827
9844
9862
9878
9813
9798
9801
9897
9902
9737
9872
9921
9919
9942
9829
9821
9816
9511
9829
9748
9404
9627
9680
9896
9778
9860
9505
9851
9691
9753
9652
9725
9834
9750
9514
9101
9879
9810
9719
9717
9816
9761
9937
9934
9629
9908
9444
9613
9927
9759
9789
9855
9793
9873
9258
9815
9669
9854
9754
9777
9682
9787
9899
9329
9784
9779
9450
9662
9788
9915
9594
9826
9741
9780
9339
9546
9559
9727
9430
9502
9474
9749
9719
9676
9739
9790
9815
9832
9078
9753
9720
9634
9846
9520
9848
9664
9871
9804
9659
9724
9684
9729
9647
9578
9798
9645
9533
9886
9897
9431
8777
9412
9818
9723
9365
9247
9453
9781
9295
9582
9762
9720
9808
9811
9921
9870
9519
9549
9710
9831
9901
9856
9718
9649
9299
9503
9719
9814
9789
9805
9820
9524
9627
9800
9464
9818
9814
9818
9857
9827
9733
9805
9716
9648
9489
9754
9790
9777
9615
9659
9527
9735
9848
9833
9757
9639
9848
9747
9922
9925
9709
9508
9723
9483
9779
9668
9184
8383
9503
9733
9271
9154
9392
8953
8762
9497
9628
9094
9829
9702
9468
9621
9472
9798
9416
9317
9381
9412
8738
9497
8621
9590
9652
9492
9646
9256
9397
9450
9606
9694
8821
9158
8883
8914
9417
9868
9714
9765
9467
9421
9302
9671
9597
9687
9685
9496
9622
9899
9706
9873
9439
9610
9836
9870
9259
9423
9593
9608
9413
9847
9546
9740
9450
9421
9364
9358
9044
9206
9426
9513
8780
8773
9365
8769
9334
8542
9611
9731
9660
9352
9259
9468
9223
9269
9588
9666
9404
9894
9260
8325
9722
9325
9219
9712
9001
9302
9493
9156
9027
9613
9369
9462
9553
9386
9043
9166
9551
9740
9401
9459
9281
8859
9175
9528
9274
9516
9269
9649
9290
9308
9489
9449
9036
9436
9655
9550
9195
9602
8930
9634
9663
9113
9565
9648
9076
9097
9510
9616
8594
8487
9047
9671
9552
9694
9530
9577
9598
9383
8854
9415
9281
9668
9577
9580
9601
9771
9258
9740
8714
9398
9489
9210
9111
9651
9610
9554
9304
9589
9468
9295
9139
9740
9577
9089
9288
8695
9766
9777
9178
9596
9228
9352
8651
8719
8792
9197
9223
9754
9201
9584
9297
9020
8100
9030
9452
8492
9560
9594
9186
9109
8795
9555
9531
9249
9554
9493
9165
9547
9573
9637
9160
9761
9419
9751
9150
9385
8720
9487
9622
9701
9571
9605
9561
9900
9731
9671
9536
9277
8932
9364
9297
7956
8694
9425
9674
9681
8793
9532
9759
9552
9732
9290
9801
9302
8953
9153
9379
9196
9751
9660
9151
8951
9592
9595
8859
9563
9615
9706
9041
9630
9715
9802
9689
9568
9432
9545
9319
9553
9558
9559
9273
9245
9614
9654
8877
9660
9654
9407
9502
9609
9328
9514
8934
9371
9414
9075
9765
9272
9474
9715
8848
9748
9487
9509
8116
9689
9438
9597
9227
9533
9841
9648
9373
9355
9359
9218
9063
9276
8695
9460
9543
7474
8905
7895
7529
8305
8363
7680
9078
8145
9358
8863
9063
9048
9045
8782
9207
9343
8817
8519
8481
8475
8819
9413
9275
9578
8531
9001
9555
9783
8805
9429
7472
8877
8691
8675
9252
7886
8991
9635
7473
8250
8960
7507
7960
9039
8639
8953
8585
8570
8524
9034
8199
5112
7335
9505
9175
9465
6930
9312
9136
9312
8857
8566
8368
9106
8765
9447
9440
9296
9508
9258
8314
8581
8553
9013
8595
7670
8506
8821
9341
8888
9775
9775
9688
9550
9605
9729
8673
9331
8928
9065
9054
6705
9661
9460
7884
9416
8109
8550
8177
9228
9181
9279
9127
9507
9364
8469
8060
9457
9331
9231
9103
9300
8741
8986
9409
9744
7902
9705
7518
8780
8480
8875
8881
8681
8525
9575
8542
9364
8940
9635
8802
9267
9518
9603
8250
9313
9195
9082
7269
8832
7901
7616
8647
8864
8636
7922
8194
9108
9246
9355
8524
8212
8596
8163
8542
9072
8550
8594
7763
9170
8528
8424
9127
9557
8863
9538
9394
9415
9018
9017
8776
8822
7255
8807
9129
6316
9072
9198
8643
8710
9296
9344
8844
9219
9308
9745
7290
9106
7660
8030
9544
9512
9249
9133
8476
8741
8266
8887
8621
8693
8097
7197
9158
9329
8714
8497
8235
8820
7345
7944
7735
8412
9183
9362
9190
9258
8195
9064
8992
8828
8558
8645
9359
9272
9394
9414
9302
8913
9397
8737
9078
9241
8526
8656
8630
8317
9157
9287
7995
9034
9498
7902
8589
8856
8509
8967
9218
9025
9051
8753
9165
9436
9254
9146
9034
8876
7347
9249
9474
9596
9479
9408
8267
8601
7879
8905
8392
8799
8889
9545
8656
9336
8965
8508
9294
8343
9048
9104
8215
9009
8739
8877
9424
9331
9027
9488
8196
7811
7554
7940
8813
8872
8756
9158
8698
9385
9334
9479
8271
9454
9401
9508
8272
9502
8474
8756
7947
7912
8689
9269
8667
8839
9097
9646
9563
8926
9201
9517
9599
9581
9461
9714
8844
8936
9181
9684
8283
8312
8999
9319
9392
9239
8851
9171
8092
8454
9478
8808
9460
9197
9549
9459
9167
8327
7773
9507
8426
8893
8034
9263
8231
8856
9687
6973
8870
9077
8687
9070
8867
9090
8250
8111
9568
9601
8121
9072
8807
6330
9230
9311
8910
9212
9113
8731
8471
8534
8632
7135
8073
8671
9024
8210
9115
8549
9447
9678
8362
9081
9509
9394
8014
8869
8011
8152
7917
7987
8431
8623
7224
9078
8145
8260
9085
9362
8778
9175
8389
8962
9019
7381
6799
8243
9149
9326
8370
9485
9070
8023
9452
8643
9440
9220
8208
8996
9489
8770
9244
9510
8192
8919
8110
8536
8725
9524
8661
8573
8174
9439
7448
8550
8652
9233
8140
8421
9104
9041
9434
8975
9413
8985
8137
9185
9361
9499
8615
9173
8347
9883
9621
9678
8134
8532
8910
9407
7935
8787
8588
8756
8793
9178
8941
9143
7605
6600
8102
8489
8788
8455
9572
9616
8797
9085
7692
8002
8575
8670
9607
9339
8489
9148
9666
9220
9279
8652
9142
9255
8874
8554
8295
8543
9016
8857
8398
9063
7375
8774
9305
9685
9518
9354
8686
8980
8786
8666
9470
9005
8478
9338
8034
8587
9232
9196
9122
9336
9177
9657
9021
8802
9630
8266
8748
9243
9628
9263
9543
8928
8553
8205
9232
9201
8900
7777
8270
9220
7430
9040
8480
9090
8860
9364
9130
8046
8880
8678
9283
9579
9557
9412
7335
8873
9423
9594
8582
9371
9042
8960
7183
9378
9150
9490
8133
8192
8812
9300
8447
8708
9229
8785
8869
9148
8260
8636
8907
9596
8866
9237
8886
9248
9677
9450
6466
8352
8381
8448
8650
8830
9484
8724
7315
7355
8216
9545
9127
9321
9567
8808
8204
9095
9360
8892
8892
9838
9450
9019
9259
9362
8065
9301
7988
8266
8129
8600
7573
8027
6176
8409
8245
8247
8803
8929
8131
8889
6697
6627
5708
7357
6731
6426
7143
7367
7878
8218
7045
5876
7654
6188
8684
8566
7585
7696
8663
8330
8198
8437
6661
8968
6704
8251
8096
8764
5629
8282
8974
8195
8750
7893
8062
8765
6978
8334
7273
8271
6242
6461
8662
8037
9149
9295
7121
8308
7709
9357
8117
8286
6778
8199
7481
9045
9075
9656
8626
5996
9037
8315
6933
7233
8257
8514
6558
7774
4220
7399
8588
9064
6220
7852
7304
8047
9010
9562
6605
6993
6910
7464
7254
8885
5638
7417
7385
7591
7857
8186
4499
8295
6820
8469
6125
8145
7476
8310
4443
7910
8519
5511
7964
6367
4632
4908
5483
7270
8415
9388
6578
5892
8993
8872
6645
6722
6521
6279
8514
8843
7774
9304
5848
8691
8132
8354
6742
7931
9067
7892
5035
7626
8248
8839
9002
9296
6810
8814
7878
8411
6373
8308
6010
8016
5503
7709
6435
7926
5799
8834
7240
8354
6536
6560
8173
6368
7585
8540
5681
9150
8568
8478
8068
8623
8418
7746
7603
9506
9451
8743
8623
9458
6636
7638
8122
8281
8015
8222
8729
8914
8039
8416
8699
8045
6102
6334
7447
8733
7552
9419
7784
7759
7876
6343
7657
8072
7198
8387
7401
7265
7922
8908
9101
8764
8260
5343
6010
8121
7683
7146
8758
6374
8138
8276
6904
7496
6714
6458
7864
7722
8031
8389
3243
5955
6586
9247
6119
8011
8852
8734
7939
8775
9108
9515
6813
7788
8409
9665
6291
7184
5482
8604
7414
7951
5784
7979
5618
8144
7561
8011
6009
8325
7869
8781
8274
8306
7854
9169
7759
7446
8651
9320
7967
7322
8441
8640
8798
8613
8758
9514
8112
8150
8906
9237
7320
8163
8720
8430
6503
5067
7346
7711
6716
7394
5091
7183
6761
7522
8200
8574
6228
8503
6612
7518
6507
6581
6768
9010
6219
8827
8267
8617
6223
7768
7963
6978
7443
7859
7084
6520
6229
8302
6148
6511
8084
8270
8245
6045
7601
6011
8550
8697
8414
3510
8213
7069
6884
8251
8676
7886
7397
7916
8480
9453
8675
9218
8318
9102
8249
8929
7695
8916
8281
8630
7259
8162
7247
5602
8755
7856
8343
8263
5227
6292
8890
9056
6834
9096
6310
8023
7266
7500
7748
8587
9244
8383
5946
8765
7758
9062
9196
5963
7987
7696
6142
6916
7312
8704
6714
6836
7316
6472
9493
8871
7593
8652
7746
9145
4040
8786
8017
7506
8236
8256
6567
7625
7595
8710
6870
8186
8244
8058
6833
7230
7089
6327
6500
8234
6287
7831
6057
7875
5752
4983
7935
8165
7044
7593
5626
3800
6688
7137
7696
4415
7957
8399
8419
6958
9092
6838
7250
9116
8615
7906
8134
8080
8677
8138
7947
7796
6964
7231
8393
7444
6870
8382
8545
9062
9000
9248
8387
7801
8751
7643
9180
7591
5947
7798
8505
8909
6292
7967
8251
8878
8643
8860
8425
7423
7740
7956
3124
6438
6228
8220
6531
8805
8952
7317
7205
7076
7863
7270
8657
9493
6798
5800
6814
8357
8572
6082
7585
7824
7659
8817
8627
7904
8668
8897
7928
9026
8747
7581
7579
8740
8433
7183
6534
8985
9105
7892
4117
7146
7748
7946
7335
6024
7413
9227
8850
9184
6971
9569
4596
8413
6714
8526
7698
4821
8104
8187
6443
6949
7282
7100
7583
8284
7358
7547
8617
8803
9190
9325
6703
7288
7439
9243
8585
8666
7871
8380
7052
9183
7112
6985
7148
7177
7992
8733
6363
6145
6111
6622
5465
7762
7597
7324
8742
7200
8814
8492
8719
8948
7401
9096
8190
8013
7657
7128
7394
7307
7781
5782
6425
7119
6301
8507
6937
7656
8875
6652
7449
7819
8142
8806
9227
8598
9199
6707
7183
7584
6970
8032
7357
8270
6287
8584
5057
8196
8109
8776
8241
7256
6671
7474
7758
6792
7629
7599
7316
8474
5156
7824
7584
7782
8183
8172
8861
8988
5133
9580
9227
9424
7344
6963
9008
8939
8325
8359
8625
9194
8248
9275
7488
8015
9246
8058
8229
8487
8353
8910
7183
8706
8906
7979
6628
6855
8113
8281
7722
8457
5296
5512
7896
8061
8909
9009
8336
8805
6631
8602
6105
7815
7979
7108
7028
6496
8544
8204
9266
7626
8056
8870
7719
7863
9334
8275
6966
8386
8230
6169
7422
7721
8659
8611
7972
7710
7828
8822
7874
7647
7118
8339
7499
7714
7080
7505
7184
8669
6563
6815
7967
8654
7294
8251
7182
8000
8438
5745
8809
8151
7126
8007
5219
8067
8056
7555
8698
9311
7681
6016
5323
7544
4526
8066
7844
8587
4913
6323
7134
8122
7578
9115
5636
8863
8440
7390
8823
8959
8600
5268
7638
7474
8302
7360
7633
8563
3938
6736
7275
7093
8040
8335
8632
8719
7779
5549
9096
9059
8167
7903
9409
8135
8088
9065
7572
8279
8686
7936
8521
8269
7494
8034
6865
7107
5781
8077
5401
7392
6721
7957
5652
6624
7144
7673
5755
7129
8513
7295
7138
7016
8416
8264
8097
7336
8121
7453
7404
6899
9298
7449
7894
8395
8586
5776
7619
8128
7827
8688
8562
8008
5562
6766
5463
6630
7986
7581
7669
7997
8692
9235
6387
6628
8216
8515
7821
8436
7818
7391
8834
8003
8561
8569
8028
9184
8027
8382
7929
4861
8422
8830
8228
8932
8725
8653
8900
8021
7595
8760
7097
7656
8869
7109
6954
7746
7959
8454
6142
7985
8597
8797
6219
7373
8172
8424
4425
7863
8037
8366
7030
6853
7015
8533
8026
7838
7942
8971
7846
6985
7468
7708
7152
9018
8478
9028
7123
8850
5880
7957
7897
9361
8123
7940
5605
7900
8458
7791
8722
8861
8657
8628
5804
8216
5889
8302
6413
7865
7631
8788
8932
9285
8095
6829
8047
7799
7403
8401
6728
7724
9190
8269
7507
7598
6639
8650
7537
8112
6675
8222
7712
6920
6833
9095
7524
7173
8116
7704
5914
6771
6384
5079
7832
6507
8460
8045
8341
8629
8343
7545
8119
8666
9372
8790
6004
8438
6208
8674
6481
7665
7384
5977
5811
8281
7912
7594
8371
6476
8274
8089
6523
8385
8744
8842
9146
9594
8888
8554
6335
8850
8169
6975
8135
8590
7683
9017
8734
5727
4257
7868
6420
7849
7580
8512
6395
8139
7798
5881
7099
8197
8756
8693
7253
7239
6376
6657
8358
8689
8553
8895
5495
8883
7621
8161
5633
7779
5764
8218
6377
7615
5128
7617
8396
9065
8592
7452
6938
8156
6225
7484
7609
7134
7291
8243
7065
6319
9010
8517
7193
8757
8840
8849
7614
8760
8041
8302
8271
8396
7097
8058
9099
9328
6469
7311
7878
8185
8197
9063
9219
8209
8184
8267
8048
8083
8845
8791
8075
8141
6922
7000
8149
9197
8941
8814
7999
7077
5069
6865
7876
8110
6221
8735
6150
7062
7077
7205
7237
7928
8969
6876
5472
6909
9100
7248
4562
8013
7534
8011
8607
7171
8156
8108
8500
7293
7284
9486
8661
9197
9040
9161
6799
6779
7636
8866
9026
5567
7377
9421
8231
6737
7572
9370
7846
7087
7987
8769
5181
6775
3664
8734
7390
8939
8709
8568
7833
5829
7560
7744
8496
7927
7560
7563
7814
7429
8150
5847
7150
9219
8460
8106
6777
8264
5955
7582
4122
8235
7152
8597
7553
8843
7692
9585
8439
7749
7747
8377
5943
8616
8742
8795
8307
9149
9194
9036
5435
4274
8058
8068
5253
8139
6957
3929
8214
8286
7940
7463
9294
7947
8194
7491
7038
4190
6663
3526
7617
6247
8155
8191
5472
7791
8707
9126
6005
9183
8769
7673
7882
7978
8178
8585
8457
8983
7719
8349
8000
6692
8445
8414
8053
9436
7343
8501
4989
8931
8776
8019
7701
5826
8359
6312
7486
5269
5979
8199
6374
7402
7698
7434
5987
6384
7288
6667
5617
2197
5035
6388
7723
7761
5235
5989
7714
3912
7838
8776
6579
7799
7592
8266
2279
5989
5544
5199
4159
4062
4672
3805
3734
5229
3792
4323
3513
4816
6509
3809
4001
6040
7896
7114
4241
6320
5785
2834
4491
6760
4603
5678
8515
8585
6607
8398
7385
6213
4560
5976
2916
8051
4893
7804
5977
7939
7761
5351
1631
4526
4224
6891
4305
6531
5860
7961
5235
3624
7513
8661
1308
1168
6222
7089
7323
8377
6946
7115
6730
8365
3484
5679
7900
4159
5063
7264
6730
3613
7590
7862
6898
3207
7391
5467
6126
6152
4984
5895
7049
7041
6991
6962
2443
8032
4553
6461
1476
6031
4035
6411
3513
2468
6961
8069
7270
4061
7245
7106
5249
2344
7748
7297
5238
6197
4808
8419
5412
8012
5738
7799
4710
7218
3520
5421
7129
7503
4544
6194
6770
3869
4496
6884
5470
7955
7082
7228
6314
1497
5577
7214
2986
3954
7174
5916
4608
7289
6095
7539
5818
4211
4924
7576
6046
3465
2201
7882
8282
7385
8020
4606
6501
6006
5777
6054
2057
5762
6805
6544
7207
3167
7081
7061
4078
1985
3585
6483
7013
6820
5295
4919
4728
5698
7806
7800
3376
4162
6656
4167
5700
6517
6674
8010
3567
5903
7419
7423
7020
4836
6168
7546
3988
4121
5686
6701
5795
6381
3763
4806
5367
5752
5378
5495
4209
4457
4045
4553
5480
4265
6631
7183
7730
7486
4764
7802
5779
5858
3469
4489
5843
8977
8414
6996
5727
6461
4415
2331
3710
3751
4823
3869
3828
6241
5777
8709
3011
7686
7107
8506
3241
5706
5555
4994
4626
8113
2293
4766
5466
4469
6222
6972
7644
7714
4330
7444
4343
2375
6626
3258
3815
7271
5741
7284
7844
8125
5310
9152
6310
6736
6767
8042
4008
7393
4856
8291
5897
6116
5788
6947
1953
5593
6000
7439
4673
3711
5869
7507
5645
5639
7063
7109
4962
4869
5439
8584
6766
6252
3754
7837
4125
5243
2253
4286
5058
7029
6064
5601
6075
6550
5437
6459
4195
5571
7133
7536
6291
1039
6635
8458
4821
7873
6292
5155
7694
8413
4189
4826
6389
5984
6198
8410
5159
2993
6546
1501
4679
5226
6811
3016
5141
6590
2004
4951
6563
4595
7992
7550
6049
6703
4027
4832
8023
8708
7252
8205
5143
5086
7150
7081
906
3010
5464
6381
5807
5614
3138
4388
1326
5528
4421
6622
3731
6971
8326
7079
4839
5836
6968
6890
3434
7747
4991
6132
7217
3925
5896
7452
5457
6227
4327
6500
4833
6162
6728
7120
5154
7257
8535
4900
7385
8964
1984
8723
3251
7959
4839
4410
5395
5495
5452
7860
3454
5176
5541
5576
6730
6980
5381
5919
7394
2922
7154
8084
4711
5469
6373
7455
5475
5343
5788
5861
5228
4381
6573
7583
7717
1246
2919
6675
1745
1283
4727
5217
4441
2738
8502
4842
5369
5785
5465
6812
6133
7080
5373
4999
4520
6890
6564
8683
7442
4426
5658
9158
5955
1861
3980
6787
7142
8247
8871
4424
1896
4818
6882
4029
4061
4642
6325
6994
5524
7127
4908
5027
4484
5784
6524
7414
4707
5118
4948
8013
6835
5406
6732
5040
4580
4923
5875
6965
4328
4992
3930
5146
4926
7370
5316
7928
5132
6222
7655
6201
7126
7732
6720
6551
7332
7420
7555
9224
6752
7443
6524
5817
7160
7698
7013
4685
5779
6480
8382
5283
6544
7163
6882
7784
4787
4855
6768
6376
7920
8093
4955
8927
5825
5038
7544
5248
2263
6683
7541
5802
3836
6288
4549
3379
3710
5107
3881
7281
5790
3232
3427
5750
4970
3985
5023
5326
6112
1865
4759
3818
4379
7575
8534
6791
3357
5113
4234
4991
4561
6065
6149
6612
5830
3049
2188
5934
3248
6433
7190
7639
4872
4502
4993
7441
6152
6652
5297
8211
4438
5918
5268
6801
7782
6748
4918
5046
4097
7114
7233
4742
5635
7073
5590
6507
4819
6042
4484
4010
5731
4848
3015
4630
7003
7390
7050
7823
4501
5068
4591
5995
7396
5354
3404
3008
3983
4961
8333
6164
3934
5139
3417
2379
8207
6836
3877
6587
4665
4819
7814
4644
6221
7855
4441
6018
5552
6767
5299
7423
3191
7584
8911
7969
5123
7421
7003
8624
3884
6873
4186
7808
3144
7257
7442
8665
6526
7295
6249
5775
4152
5154
8335
8518
6027
6634
7329
7448
5627
6489
4337
814
3898
6630
7386
7422
6310
5981
7208
4856
4686
4969
3075
5549
5865
6086
7157
3380
4889
6811
8603
7270
2443
6251
5830
6731
4075
4727
6211
5879
3979
4309
7396
7610
6009
8827
6735
3644
3658
4434
7003
7461
6383
7103
8157
4262
4076
6832
5652
2540
5511
6439
7692
7402
5251
6128
5277
6684
4733
5220
8701
1408
4693
3727
3105
6203
4714
2051
3114
4915
8818
8850
8060
7615
6643
7195
6681
8176
6501
6046
7720
7278
2481
3368
6901
8347
6795
7298
6796
6078
3832
7562
6938
7432
4639
5608
6479
6584
5033
1606
4446
4787
3346
5363
4898
3459
1908
7448
4707
7484
3512
6093
6020
5986
6484
6098
4290
4727
5815
4235
7253
4489
1883
4381
5621
5856
3749
4869
7687
5812
4462
5502
1154
4881
7044
6525
6424
7743
3668
3818
6539
7343
3697
4731
2281
2064
5855
6126
6701
5731
4492
5605
4213
1923
6616
7798
7757
2961
4889
2630
1972
6501
7420
8993
2216
6533
6771
7003
4740
8964
7846
6851
3954
2922
2090
4719
7295
6893
8049
8275
5856
5863
6598
6375
3649
6427
6044
6795
4793
6469
4484
8286
4669
4513
4666
5278
6742
5592
3450
7651
8952
7244
3718
7770
3203
8796
5828
6885
6889
7561
5596
3781
6694
5061
3177
7370
7332
7191
3894
4275
4289
6868
7432
7903
4989
7170
5692
6087
6286
4555
6332
7104
6395
7617
5080
5337
2564
6268
4231
6854
7031
4709
3003
6824
5723
7768
3059
2679
5097
5420
4079
4397
6711
7257
3048
5017
2367
7371
6022
5648
7016
5099
3256
6060
3220
6549
1273
6687
3423
3889
6680
8243
9443
2276
5348
6072
2245
5359
3320
4215
7378
8283
4576
7914
3373
3587
5993
7270
4520
6849
5719
7105
6610
5999
5653
7579
7291
6629
5298
8148
8237
7962
6029
5021
3106
5743
4327
7866
4504
7495
4890
6385
7441
8555
5668
7518
7118
6662
4788
3941
4679
8853
7131
8371
3383
6574
2010
2584
3587
4076
5874
6806
5038
6385
6418
4734
5341
5887
4308
6908
7321
3259
3279
4750
7764
8938
3795
4459
5642
9279
3548
4260
4759
6437
3298
2271
4083
5619
5847
3901
3133
3490
6094
5621
8031
6816
6269
6411
4818
5168
4745
6655
6315
5534
4470
6775
5220
7908
4285
5085
5690
7416
4946
5838
7824
7001
7656
8295
9272
7809
5508
5960
3611
5806
6024
5063
5633
5896
2410
7567
4954
8368
7646
6318
7249
8351
5797
6231
8952
7424
4613
6947
4926
6724
2562
3518
4630
6580
7158
3855
8138
8269
4175
5044
1847
5542
5633
5907
5631
6323
4358
3987
5753
7348
4874
6921
3156
3891
7564
7694
6871
6706
6330
6345
5766
8299
1566
8018
6953
7010
5761
5116
6119
7120
6392
6978
6437
6822
5752
7024
5589
1655
4876
6720
3193
4768
4263
7764
5670
5248
5621
6096
4493
4861
5344
5771
6141
4369
6609
4910
6551
6583
5650
8129
6564
2757
4802
5878
4243
4987
8034
3901
7123
8202
5494
7386
6525
7167
6392
9083
4158
4970
5005
3336
6187
4900
6121
3602
6295
7432
6294
3589
7996
8116
3840
4108
8552
7706
2110
4000
4937
6296
3839
7787
3588
7433
3028
8124
4234
5530
6417
6397
5333
7055
3770
6875
2504
4597
6641
7560
5501
3833
5627
7177
6663
8137
4885
3879
7657
5656
6838
6854
7332
4024
7968
7501
4543
7247
6008
6815
8869
3591
3890
4981
6250
9188
4315
6478
4670
5001
4896
6053
3091
5961
7516
8984
8505
3667
4721
7459
8163
4481
8417
2586
5578
8482
3487
5979
2247
8614
2577
2916
4253
5207
5179
8673
5361
5974
7368
6428
8285
7381
4150
4592
5720
8864
3443
3945
2804
7954
5511
7555
5946
6844
4638
6495
3200
6593
6965
6144
3980
6789
4186
7702
6382
8337
3942
4969
3948
4964
4884
7773
7144
7790
7199
4468
9006
7635
6124
7293
6157
2263
5274
5279
8567
4727
5609
5680
6618
7132
4138
7151
6306
3933
2253
4736
4973
6052
6929
7593
5855
7939
7309
8539
5604
5712
5166
6261
3558
6814
6260
2017
7835
4826
6572
8903
2430
4154
6075
6327
6832
7348
7670
7825
5692
4356
5646
2420
3497
4308
8225
7199
5581
7957
5190
7936
4829
1743
6362
7800
6359
7238
6788
6915
5898
6838
5343
5435
7995
7424
5313
6626
5640
6419
6406
6756
5417
6676
6972
4016
5216
7645
3354
4907
3205
5480
6116
6744
5283
8050
4587
6540
7127
7611
6668
6882
5919
7128
7568
7831
5704
4670
6602
7987
6964
7224
5045
7084
5020
7913
4470
4666
5015
7113
7799
6222
6612
7187
7463
8342
9197
9257
4313
7284
5600
5870
3781
5117
5218
7149
3754
1925
6939
7296
6779
7350
6213
6448
4505
3321
5043
6106
5128
6600
5597
7378
6599
7166
4446
5948
4663
3434
5312
7312
6777
8008
5869
6891
5436
7305
5197
3394
6757
7406
5201
5200
5335
5880
6476
7217
6075
4209
5754
5055
7135
6462
5363
6381
1586
3557
4029
4873
4031
4622
3014
6671
986
7153
4363
6472
3865
5964
6899
4557
5807
4229
5544
5400
6383
8922
4370
7225
4235
7827
5968
7748
4870
7922
4191
6771
3502
8041
7045
8959
6687
7256
6711
7649
4398
8008
4702
6959
3668
7158
4420
7765
4984
6662
7956
7552
4306
5771
6900
6531
4073
5591
5098
7848
3587
988
4849
7230
4639
5706
6771
2088
4530
3179
5721
3686
3599
5865
3695
6601
4390
4368
5755
6864
6687
8032
5397
7179
5233
5731
6035
3756
8006
4620
4059
7292
7905
5563
5309
5131
4366
6022
5563
6726
5013
7080
5255
4187
4618
5505
3915
4634
7392
2326
6120
7533
7270
7789
3381
5674
6062
6818
6833
6141
3406
7079
4840
8486
7801
3915
7656
7662
4374
3486
6301
3186
5419
1383
6303
5728
6385
7923
5329
6876
7442
5835
6583
6046
7883
6425
8153
8247
3185
5728
6344
2569
7568
7843
6151
5024
5959
4259
5315
6765
5006
3540
5657
6868
2538
7616
3873
6348
7352
6679
6924
8048
5978
6754
6300
7840
2745
7664
7481
6775
3110
7875
3023
4090
5365
6863
6504
8783
5361
6624
5370
8400
5392
8201
7370
6811
7103
8582
5352
7407
6784
5338
6524
8034
6029
6254
3501
7537
7544
8771
4097
6052
5581
6801
7071
7347
7492
6081
5475
8403
1139
4045
3170
6420
5223
8007
5157
5421
5623
5114
5093
3712
4936
6548
7747
8015
3169
1909
6277
1416
3086
6639
4419
5132
4448
5444
6064
4920
6678
3401
5884
6031
4600
6851
3137
6259
5537
5772
6955
8522
7374
7709
6777
3645
6392
4610
4177
5608
1786
5258
8879
6850
4300
6998
5003
7537
4687
5858
7781
5125
4422
1215
7317
7478
7889
4871
5877
8762
4774
5812
6558
5870
3879
3383
4409
7031
7846
8039
6493
6066
3983
7549
8204
8691
3725
7385
6168
8258
4683
3544
6194
6579
3440
5027
4602
6102
2761
1104
4276
6260
6797
5350
7354
7322
7525
8612
7826
9139
5860
6909
4710
5757
2600
7533
6035
6637
4584
6381
6366
7993
5853
5885
6475
4945
6162
8690
6284
7532
3932
5108
4196
6228
6411
4256
7864
3528
5393
3856
7896
7546
5605
3733
7710
6255
3404
7516
4175
5408
6420
5317
7125
8793
6561
7420
6648
7155
3419
7133
6980
6576
3455
4860
4534
3962
5692
5735
4395
4656
6046
6429
5334
6126
4712
3327
2927
6607
4253
6462
7442
4740
7837
3985
4028
6340
4902
6226
8022
7984
4426
8809
4994
8762
3443
5690
5483
7408
4873
2652
7467
4322
1706
2047
6087
3527
5621
6670
5382
3894
3152
4550
3300
5467
7174
7875
6863
4722
4367
7257
5150
6424
5423
8211
6476
7798
3836
5005
6098
7857
4549
7327
7623
8813
7336
8234
6978
8046
8067
7903
8535
7866
4620
5769
3258
8549
6390
4489
6854
5362
7070
8062
5879
7296
3890
4652
6006
7925
6600
8115
4735
5044
4025
4123
4984
7177
5153
5718
4195
3943
7085
7500
7390
8379
3006
4922
5396
3139
6043
4575
3994
5224
3638
5434
7678
7403
2694
8012
4132
6092
4659
6441
6019
6351
4160
4550
3047
6483
4474
4624
8473
7439
2595
8138
8381
6473
4806
902
5136
5706
6825
1648
5039
7406
1142
5058
5487
6596
5305
5439
4562
7698
4287
4055
3276
1557
4006
4073
3790
4961
6749
8028
5179
5889
8231
2918
7170
4157
2725
5944
6132
7659
4689
6216
6456
7363
4890
4024
5307
5750
4119
3238
5816
6172
1473
5958
4222
5975
4154
7402
5320
7834
3306
5934
3947
8196
4226
5876
8341
8719
3965
6350
4637
5716
7829
4556
4375
6771
6518
6396
7995
8039
6094
2172
3188
5974
6974
8880
9217
6379
3154
5079
6964
4975
4052
5650
4717
7994
7699
6252
3359
8014
9139
9100
3796
7091
7912
6832
7466
7536
4832
6568
4631
7811
6429
6918
7499
7577
3300
5500
7204
4890
6196
6911
2192
3363
6390
6807
6679
8657
7072
8874
6355
8635
6454
4947
6625
7011
3561
3866
6389
5301
5483
7612
6724
7818
3566
5480
6997
7225
3939
4944
3076
5610
4486
5234
5734
6457
6325
6975
5643
6450
6183
8929
6045
3102
3042
5357
4558
6791
5640
8607
5819
6105
3371
4538
4794
8006
4607
5340
5034
7059
6856
7548
6554
3685
7582
4254
3348
2705
6439
8105
3190
3845
3669
6918
8250
9432
6269
8470
6335
9184
6163
6353
3979
8850
4246
6548
5322
5892
6958
6483
6451
6605
8523
7297
3748
4754
2744
5760
9012
5880
4103
7752
3097
4747
6596
5288
7737
7666
5731
7412
2936
4370
5691
5556
6738
7445
4641
3133
6322
5651
3210
3652
5353
7035
5176
6702
4606
7274
4784
7668
3865
7520
1696
2566
4916
4017
5876
6750
2918
5132
6140
7972
7851
4803
6405
7047
4917
6187
7006
4591
6332
3975
7224
7621
5558
3563
7129
5639
6015
6415
8328
4792
8000
6995
4630
6158
5812
8261
5164
4445
6036
6099
3306
3924
4197
6389
4134
5086
7101
7193
3248
5851
3344
8448
4998
4496
5525
7020
5400
7111
6679
5733
7723
7383
7479
7646
5596
4106
4958
6683
2146
5837
6334
4472
6199
8248
6603
4922
6522
7373
4512
8981
4051
5279
4095
2893
6096
7670
5917
6902
3804
4989
6370
5428
2342
3266
3848
3744
5096
7785
5340
5957
6486
7495
5399
7368
4858
9218
6098
6256
7471
8093
3806
5370
3714
4883
2680
4138
3832
4198
2415
833
5009
5034
5217
5194
5703
7282
4958
7137
2808
1436
6096
5469
5192
7526
2515
6526
5162
5641
3016
3732
2307
5219
3911
6125
5865
5936
4646
7240
4806
4970
8560
6241
8092
6496
8415
4465
6017
6919
3893
4068
6488
7633
3064
6617
5501
7208
3378
5429
5578
6872
6176
8381
4095
6940
4329
2741
4869
2280
6097
6576
8014
3779
5317
7207
5427
5258
1247
1366
3344
7704
3783
5589
18
4968
2485
2571
2609
3788
1266
8076
662
1895
1035
3924
4536
7311
656
6496
1500
2289
4415
394
4227
4569
5557
171
978
1545
158
635
935
1141
3765
5354
3178
7403
4761
6037
2832
3258
4
272
1219
6194
3761
2913
5725
6354
5254
8413
3071
4926
516
7070
2304
5621
5684
7683
737
1806
912
5113
2411
3015
896
2023
146
2255
1759
3968
3784
2661
938
2168
3276
3582
1172
4911
215
1899
3488
1197
109
1711
2819
1990
1480
6169
2667
3778
519
3789
966
1864
1137
1449
5049
4775
1209
2615
2416
764
318
2209
693
848
1545
4307
760
6120
683
2989
1580
3343
614
5737
2063
1295
1120
1183
3009
4833
200
6798
337
4819
387
4442
25
1174
1391
274
1669
5651
1018
4266
1653
3303
2819
2941
363
6990
5825
4770
1140
3991
177
1285
1089
1222
797
4115
1478
1806
2228
3712
569
5451
2903
5408
5063
5097
1465
126
2698
2708
1506
3788
6711
8591
50
318
804
1119
1123
3133
888
5148
591
3820
3722
226
3720
5816
4119
6504
2639
6633
3372
1514
2612
3413
380
2124
1917
2612
1413
4076
4004
3895
2618
7041
679
4475
1446
1919
1853
5943
763
4659
2781
5813
2058
782
3582
3872
5158
2687
5862
384
946
2551
204
3853
4169
3987
1617
4107
2429
2516
3652
6123
5584
187
2286
700
4924
5460
3456
3936
3531
4992
94
182
3239
4483
2509
1168
384
5046
1970
2356
1298
1654
2610
4365
2670
6983
234
6120
1994
3985
4454
5981
2982
5989
2981
3216
879
1808
6265
6817
2095
6859
628
1581
1091
6167
377
3279
5969
7958
137
1461
1703
7450
5327
51
350
4618
589
3737
2687
891
815
1137
1032
3837
832
5089
5766
3679
3024
1048
5363
5188
1967
2503
2129
3083
2141
4273
160
3014
1221
1654
4279
6184
371
5324
4534
6748
1977
4873
780
204
4156
417
5445
6847
236
2217
2115
2775
2879
3664
4608
4653
2093
2136
1945
362
1852
5403
3900
5798
633
807
2660
3811
160
2622
2
3282
910
4920
442
295
194
364
2110
2301
1330
6992
6767
4496
4747
4541
2684
2772
672
776
603
3096
2708
4931
5665
2369
624
1682
49
3592
3622
1699
5258
6478
1178
1200
1624
921
6314
6369
4456
1450
1516
1210
805
639
1557
1140
4203
6241
2366
4634
840
6022
1095
4048
1053
4851
2762
4371
3492
4183
106
4760
2026
763
356
1029
912
3961
403
1801
1089
1060
1182
3430
1630
4915
1085
5834
1528
3140
534
759
4647
5226
2581
4200
3293
4667
2520
4467
2708
3530
484
4333
2415
6760
2657
3959
2971
3053
3947
4764
2487
4943
761
1585
1053
5200
100
2621
2020
2693
2610
4303
2231
4109
4765
1597
1349
2506
1102
1309
261
1230
1466
3035
3387
4428
40
974
2134
2984
3917
6575
4553
6204
2911
4883
4200
4557
3164
2131
7136
3635
1393
4688
607
4819
2229
2662
1158
3890
632
2816
4546
6955
789
7844
4856
4071
4195
5377
1398
2029
595
2978
512
2290
605
2671
2319
1132
1494
4027
1439
2479
1238
3364
2221
6145
721
1791
5653
5740
1005
2047
1363
2626
1684
5712
655
2258
0
3159
2975
5610
1539
4191
2649
1237
1283
3899
2172
7213
1754
1974
1990
4290
105
5319
3801
994
2232
3325
3021
6309
1427
6419
3460
5562
2038
3738
1293
4319
417
4101
934
606
365
4926
1160
569
774
2332
1462
3966
3131
4791
4388
7112
2198
3661
5394
1119
720
40
719
8341
159
4857
2437
6313
1024
3992
736
7472
242
848
1113
4927
508
3044
933
5064
319
3570
37
4680
2632
5690
3112
6561
114
641
1971
3630
2811
4233
5905
7339
1896
3458
2973
3207
3999
5574
723
4303
404
4664
1907
1905
2533
3802
814
2547
88
2914
586
969
539
2099
1087
7011
1360
5696
1578
4448
2842
1384
4067
7313
40
1835
1867
1343
256
1274
934
62
10
4956
4662
5522
1921
3592
226
5463
3400
6043
5322
3123
1988
4493
5199
5295
2752
2899
2410
4988
4086
3146
2049
6838
3169
4158
381
435
2280
4571
2471
5063
1907
140
107
5357
1920
2760
735
4891
4193
5253
4244
4552
560
1661
3013
3126
2585
5429
4828
625
4092
1077
417
4168
3550
4831
1988
1338
1504
4428
372
1043
1365
3729
2768
3293
413
6062
1732
1766
415
416
6443
889
545
1732
1167
4669
33
757
295
1015
3046
6373
3347
4948
4369
5485
4120
3987
3665
840
1464
3873
2431
7311
2236
6951
4134
1217
7842
6833
4298
3434
2188
4460
879
5967
4549
6685
779
870
673
0
1907
4947
3397
829
115
2279
1252
3422
523
2537
386
3612
752
917
1679
5203
1094
2397
723
4172
639
1191
3196
42
1034
7112
6394
5376
1370
886
842
5382
1949
2407
2502
4517
628
2311
2188
4024
577
1938
5544
4570
4924
6643
1996
1782
5183
2896
931
7238
2186
1822
156
2857
1096
3751
1515
5666
2967
1260
782
2055
524
3144
2977
6501
3328
3853
1813
5772
363
5326
3901
3295
5239
577
5272
7951
323
1143
3012
7783
163
991
1458
7853
2202
1527
2765
140
1123
5385
3748
4902
1536
4232
5133
6910
3384
2103
4008
5014
2208
3087
5527
2772
3489
4856
5539
3116
2504
5269
3576
128
830
3213
2095
966
2091
4662
4398
171
434
879
2415
4356
2680
3647
3112
6024
827
3063
2136
2735
2543
3303
3135
3186
2009
2082
2247
1361
4473
5685
4038
4794
1026
2627
419
702
196
162
4079
4381
143
757
1146
420
3496
3364
2440
4220
790
1438
855
320
1609
6350
1995
4317
522
2128
4891
3715
137
2867
3908
5028
1266
3502
1771
1843
1748
3378
3230
1052
2385
3365
3002
6348
1423
4515
5970
2705
1401
5587
2577
2125
357
4040
4884
6738
4385
5791
205
1127
2921
3200
4414
5616
1441
2251
6885
7393
5881
8401
2159
2947
30
1390
457
2166
1043
6179
3459
2802
2425
2436
2903
804
4885
5358
6239
1299
3945
4440
4261
3437
2239
2602
3083
4432
3233
2554
3999
395
4537
5504
4856
1190
623
1154
3456
1761
2834
340
3904
1442
4987
910
5336
642
173
6517
1136
1125
1757
4165
2581
4777
3458
2410
3954
6564
2765
2805
2233
3012
3623
2207
1583
2230
1547
2420
3244
5802
4160
5132
1304
1922
285
3311
4679
4781
340
6164
4732
2291
973
4390
2013
2679
1410
5516
3944
5407
590
1858
3501
3509
1872
4200
1349
1639
2295
2240
536
569
710
2389
645
3504
1205
6763
6897
397
3964
5473
267
1928
1188
2377
101
674
1600
5022
3937
4781
462
1628
4985
7160
69
6742
4823
1645
73
1719
4091
1047
1678
6599
1729
5808
2869
2776
3819
4492
2475
4823
4053
8274
2557
4387
3032
223
3950
2664
3858
4812
242
785
3377
624
4328
1500
993
4393
941
1504
3152
3868
2504
3643
2987
1938
1968
643
760
5033
3543
2754
6720
2629
1610
3503
1366
78
33
887
4287
5231
2299
3897
3930
1459
19
3931
2551
2200
203
3327
150
927
4217
4448
2537
675
485
3900
5405
4063
2122
750
401
1747
1566
514
119
3646
545
2180
1793
4943
2374
4390
3079
5735
969
2858
3679
5118
1625
2994
2498
549
1157
211
3549
3657
48
731
4520
4322
808
1860
3743
7222
181
2533
4031
295
117
2387
343
4524
1492
5014
276
5611
3731
5070
707
5302
194
1568
763
2148
3317
1251
1922
3392
150
3868
737
5144
3627
878
3443
1980
101
1958
1194
7016
1295
3583
1910
3374
1258
3281
3431
2245
2200
3787
5232
6391
3534
1953
1307
2333
3762
381
3632
1994
911
3538
4135
4797
2254
1640
1698
3418
950
209
5626
2763
4978
4440
6134
4867
648
1719
1398
117
4157
3197
2599
2829
337
1569
371
2244
562
270
1105
1014
410
1936
2873
4809
1099
3592
3011
6069
709
1128
900
2990
1512
1863
1110
817
3928
6539
2204
6057
2851
2757
2951
3510
805
1984
3864
3610
3502
4953
875
4620
1617
4991
1495
4679
2173
3470
1399
3562
1832
3391
2495
2271
6
5088
1291
4322
2137
2968
7232
1593
1706
1869
7882
7941
2574
3221
4503
2867
3503
4336
5980
4119
1515
3234
4329
6499
2475
3549
4180
6685
121
878
4293
6619
3382
4668
143
8659
264
1946
1424
1818
4994
5075
4069
1774
2728
1120
2954
4654
330
7421
2526
4779
2128
1961
4300
4465
94
5244
6197
4918
3661
4080
4542
5945
2952
1075
265
136
262
2594
1393
5195
4676
4342
1044
233
1501
2746
8
3325
3786
3892
15
405
2054
2850
1142
3730
1879
2395
523
661
2771
5277
12
1732
29
4544
3088
2288
2973
1137
2157
4157
2556
5533
4686
5876
1353
691
6
5021
952
5250
1376
6357
1362
3938
3585
2443
198
2319
3817
5151
983
3503
1081
4294
296
817
6735
3903
1364
6004
4031
735
3476
3081
3373
1861
396
2688
931
2494
1563
2491
302
3903
214
5081
1846
1165
963
5950
799
2955
2040
1196
3627
6175
4178
3309
152
727
1267
3711
5001
6239
2791
4675
4116
7240
2723
4542
4087
5092
2871
71
683
3993
2883
4488
1999
4897
1553
4790
5
242
2311
3011
1864
3650
2380
1026
5262
5393
820
1269
1420
1915
2278
1446
1066
3734
1815
7450
2957
1675
4383
7110
2019
6959
2991
3229
5298
974
1558
6195
5968
2856
1046
2971
1466
4578
1433
3167
5488
5766
2260
941
2412
1131
2659
3490
5711
2475
318
4844
3871
2264
1936
4135
1690
3069
1847
2042
2066
3071
489
5662
5639
6876
2991
1053
2216
4526
487
566
3526
1327
2501
3100
94
1565
873
2091
356
2341
33
293
1299
3128
1177
3902
1633
3004
147
341
3590
6340
904
2669
4384
4948
299
3194
1127
4594
3054
2153
4099
5510
571
5573
107
1235
2654
3727
2968
218
933
2069
976
1464
2451
6322
3540
1505
210
545
332
2574
2937
3363
3223
4054
776
2745
1623
4334
367
804
4267
9
1871
4405
108
4169
162
817
907
4554
124
5261
4258
5803
1671
4505
3719
2369
2293
3070
1170
2866
775
2278
1128
3201
1137
839
2333
857
460
2199
1303
1857
2965
3036
2644
3471
1457
4241
2489
1483
1874
3164
2681
4050
117
1329
470
740
1079
6452
3612
5764
268
5624
423
2872
184
1784
1135
1283
675
1459
371
1664
299
3825
4410
5608
1020
1042
26
2262
547
2245
2956
3023
745
3419
2306
6432
5450
6113
6162
1704
902
204
416
1118
1144
920
3342
1623
4302
4786
3978
3806
5825
2917
5992
3963
1361
2188
3432
1279
1153
5073
2769
4704
3237
3226
2286
2217
4094
407
2575
6326
2608
3169
5994
6123
696
4371
2094
1741
1560
1310
545
3321
2107
978
1628
5250
6238
6078
2722
774
1210
3154
1129
5636
2431
4547
3575
3887
980
2673
5935
231
1265
2655
1697
392
246
2583
3540
1489
106
2807
4400
5286
2437
2651
2458
534
3948
5023
1775
4539
2874
2532
4217
5424
3892
7011
5120
6405
939
3511
2343
2056
2623
2775
6137
6524
4503
5181
4760
6543
4675
847
3586
5766
1809
2795
504
2630
845
3052
2960
3828
211
1906
4143
6076
2852
5423
6385
6256
2733
420
3063
2907
419
516
3261
4248
261
525
504
5578
811
1115
3099
3484
1586
2258
2801
5706
4202
66
2908
2922
1550
2109
2397
264
3808
4020
2260
4400
2380
1363
3018
1663
4686
5308
4009
4832
418
2030
721
4051
1857
1586
1071
1786
778
2258
1828
5219
1599
6719
957
3844
2294
2832
2749
3975
125
2631
5704
3473
437
276
3648
4180
633
2328
2014
2452
3377
5455
1059
7014
4210
5416
2161
117
2845
3358
16
5845
170
2090
979
1809
413
1376
555
3237
957
5442
4171
4786
1662
2705
129
1470
2189
1812
3511
3586
1587
4905
2761
6305
3307
2146
3663
5731
2199
4902
4527
4717
3614
3615
2768
4571
625
2677
703
1142
2591
3715
441
6549
3719
1281
6708
4005
5757
1665
4226
4353
1000
2012
1069
4687
1994
2847
2563
4142
1032
3790
5055
5015
4144
4198
2931
4020
1190
2952
1783
3550
1330
5723
1138
4398
1617
4127
5129
623
1848
5307
3316
4340
2389
3681
1983
3374
579
588
8433
3473
2007
6203
6275
2411
2871
78
155
6569
723
1313
1609
197
559
3212
3084
3714
1151
5714
3221
273
814
1174
6384
4411
1226
5251
545
390
2675
5005
2900
5336
547
702
1986
4421
4008
5117
912
2025
1105
1550
2950
3255
2915
3527
2185
3551
2509
2783
1349
3719
854
3271
3013
8349
1868
1399
1991
881
2492
3764
673
3471
2948
1314
561
1685
3587
2949
5324
4496
278
2309
89
1167
2981
434
2429
2462
2776
4185
3208
5358
1372
1966
2706
5893
178
3798
2306
4518
1257
3758
3399
4383
1047
3137
4114
5614
3423
4757
347
4100
1775
2044
1777
2767
3910
4081
205
4975
640
2551
3768
1196
4592
5647
3567
444
3174
4511
4144
589
1786
4024
2304
2675
342
2223
1113
2260
1238
5878
2743
2268
1816
3048
312
2965
744
3449
2896
3637
1734
5872
2852
1833
2235
4915
827
1189
1415
2365
703
2119
219
1303
3012
5140
3067
6452
4635
5600
6280
6753
1529
2756
593
4046
3274
4738
1965
3566
916
7216
443
490
707
4023
2073
1281
2519
5779
553
1407
113
2979
728
2983
915
4560
562
7148
3138
1916
3761
4377
1517
1966
1147
1192
2588
4801
1490
1241
4567
2257
1969
5104
1779
4351
4469
5197
2675
2753
960
2588
2890
2910
715
2520
540
655
1194
3169
27
5614
701
2607
2623
3398
556
4413
7313
7585
1693
47
3203
3400
2278
4958
144
4593
3320
5666
6472
2326
1403
1505
446
3084
789
3547
1326
3037
3149
816
1822
316
517
5396
6454
3723
3635
3659
3846
5485
2613
4558
2372
5459
3580
2077
1525
4840
1216
2180
1356
1616
4352
1158
2299
3398
2673
880
903
2902
65
2536
3868
6000
435
3164
3532
4515
2463
4834
4507
5642
989
1649
152
4739
5134
3517
2515
3851
2876
3082
1655
2623
1980
5009
3954
4728
1891
5840
2668
2923
1786
1885
742
4392
1217
4441
2694
2010
10
4544
2654
3328
560
3059
3931
4162
2799
5995
2768
3484
1992
2080
3200
5360
739
2016
4679
4656
1680
1894
3431
6676
1272
2856
2193
1926
2112
2277
2944
3609
94
4252
1067
3248
568
2761
2261
2546
217
3127
1039
1052
1565
3143
6854
7150
171
5514
602
3326
2971
6190
141
6049
2344
3536
2194
3173
1160
5174
4865
7070
331
204
1454
2707
775
3209
1582
2715
819
881
5019
3127
3182
1182
6298
4942
2655
1778
3323
5236
1534
3456
648
2969
70
4414
1311
5998
2301
4414
546
5126
5
1625
3445
5494
423
1466
826
2285
2370
5649
14
5980
3077
4760
3462
3646
1357
2487
1983
738
3535
5233
3755
3909
366
4024
458
3870
5222
5574
547
4100
172
3137
1133
4781
399
3759
2241
3641
4039
6122
2880
1768
3540
724
6223
3236
4417
5226
5348
5712
530
6661
2232
2808
1026
2689
740
3994
1562
3964
2606
7861
552
3870
3759
5895
2012
4435
2055
4758
1407
1760
3823
3500
1938
2923
2059
4020
1842
4632
5865
850
5321
8494
2512
221
1988
3530
2083
6288
1951
7205
1673
1763
1019
3043
254
1907
387
4460
5379
5977
1972
3356
1793
3475
1993
2196
3861
7155
294
603
1445
2432
1581
1235
3635
4721
526
3380
1201
5077
2205
5356
3400
5255
193
4091
2030
4869
674
1295
1903
2362
2220
3315
3198
3601
1490
1558
3419
3164
1373
2331
2429
3687
2212
1352
4989
3985
1163
2312
5788
2379
3899
4951
6182
558
412
4054
5238
1856
415
1923
3250
1655
3926
4888
2933
4244
1226
2302
2425
2433
2466
1849
2733
7500
2726
3535
4045
2779
1693
2769
1642
4032
1081
2981
1312
4251
903
3996
3966
3886
4366
5727
5054
5214
236
2267
4061
1135
1377
5594
1691
1020
1219
2388
1305
5960
522
3323
729
1992
2781
2461
1261
4240
1052
3506
1388
3627
260
744
2130
532
1663
4337
3620
5180
1292
1231
1549
6268
1834
6053
687
2914
11
492
3231
3225
4705
2785
5277
3562
2709
3234
4677
6638
417
4420
1675
2217
3455
242
5436
5822
2465
4813
1290
3876
773
1074
4004
3653
59
868
2739
4136
849
3284
1056
1620
4189
5007
665
2663
110
373
5912
7467
1224
266
1188
1970
376
5942
2503
2633
3042
4188
2734
2590
3581
1780
650
7670
1210
4707
1187
3258
3557
4775
642
837
2764
328
1835
2122
1193
3459
3916
1219
1780
492
461
6240
963
1765
4207
6124
805
1082
600
492
1348
2517
7136
7506
2553
3430
2195
3064
879
854
6115
6405
4859
1123
6572
5846
1662
2746
2751
2873
6227
656
4509
4771
1594
2800
1614
6431
4277
1004
5685
5988
5592
394
3098
2210
500
545
6209
836
1272
1720
1489
3579
165
1601
1076
7581
2151
3028
2441
2067
698
2895
3930
3973
3502
928
5746
4629
2841
3003
4549
6335
1328
80
133
5246
5253
3891
5886
7250
1580
3652
2852
3005
59
3812
282
3138
1546
3387
96
6297
562
4687
4660
2842
2646
3436
4812
6430
218
4194
4698
5605
3108
4927
16
799
711
1709
2261
5937
85
578
2361
3284
2574
3031
512
5968
932
4177
5011
1672
1960
3159
1969
4999
3249
3481
1890
6895
4506
5664
2871
3523
1544
3907
1147
2112
5118
1439
2787
3850
580
2194
57
3845
378
3723
940
5668
809
2001
1617
1429
1951
3179
6262
1049
2331
3807
973
5936
926
4901
4437
6356
2187
3136
703
582
4007
4575
5952
2522
756
811
1967
5897
1036
4157
3616
3934
716
3515
3213
3411
582
4320
1677
4088
142
1950
480
3417
962
2863
3124
7102
6395
160
587
5273
4254
3695
1268
4935
82
2023
6616
5109
1170
229
1173
2702
3114
5407
3894
6696
1216
1669
2665
3618
1323
4739
4012
5607
1620
6065
5325
2656
2962
4507
2512
958
317
5194
1450
1787
1728
5066
5606
6166
1752
5311
1188
3121
894
1091
2200
3330
3235
2438
2003
2281
808
3293
3315
1108
568
831
2420
4610
108
381
1696
3559
1851
1856
1716
3603
677
1379
1661
5451
3847
6675
4033
4053
519
5092
1110
3227
2896
5416
2657
4589
3272
5389
3557
4972
2254
2230
6234
2151
1725
1748
7137
5707
4395
5749
3243
3796
2885
3120
3536
7153
1413
4037
642
4881
932
2198
1984
3884
2603
3889
981
3863
240
6336
219
6360
1685
2808
1690
5345
2622
1503
3776
6182
2367
3702
2423
1218
1074
2889
1120
4752
951
1271
1819
6599
749
3685
6525
5495
4886
7624
4291
4529
878
2285
4413
4851
4661
6029
6074
1193
2500
3151
2383
2445
4127
4946
4568
7258
196
2545
475
874
4449
4160
3189
3624
2744
2122
566
4120
2756
5259
660
74
295
2704
264
3100
477
4474
1008
3649
2689
669
3846
5775
3079
2990
4082
5747
362
2866
2291
2272
575
3711
2991
4
5350
5632
2559
6491
696
791
7000
2879
1006
5144
2718
2856
310
3421
1229
884
870
4219
2557
3640
737
3191
5129
1692
3370
3376
2267
3644
1553
371
230
3431
305
3710
4599
5535
3555
163
5920
4219
1677
3271
2664
5203
985
4097
1307
483
3519
3231
412
1941
1720
1806
556
1571
1218
5787
1727
142
148
3205
4069
5128
3233
5071
4053
7644
2871
858
4288
4353
962
3562
4800
5558
2876
4043
5293
4942
2800
889
4479
5193
185
3797
379
5449
2903
280
1980
3793
4945
7203
2528
7131
3494
4354
876
1705
2959
4840
820
1122
4875
819
321
502
1772
2330
1491
4237
450
3566
3599
6420
65
3399
597
2113
3725
2344
3683
996
2332
3613
3553
4082
4515
6824
5783
115
5158
8121
1423
5713
659
1215
1495
5421
2399
5011
7
1299
1516
5734
1847
4878
3114
5461
3467
3934
260
5056
1430
3510
1264
3584
306
3512
4872
2845
3147
1877
53
4172
1292
2887
2009
373
2044
5775
1121
3853
2067
5911
4581
6347
2752
6517
175
5202
5456
7729
3062
4054
551
2243
561
5048
3332
6162
198
2103
192
7616
2717
6041
776
4877
180
1071
1631
6184
470
2901
3827
1774
1381
2013
1429
4090
2263
2441
4658
6324
2028
3744
2742
440
2601
2186
7173
7810
251
628
257
6798
6263
3377
3014
4272
1872
6731
2503
2566
2357
3959
6524
6043
1579
6773
2470
1199
2302
3481
5869
7797
1548
5673
4882
4993
1725
1921
1801
6641
633
2469
637
8399
930
2633
1504
5714
2082
3863
1449
3847
4324
6391
6362
7072
2710
3251
5923
1062
2151
4606
963
3949
108
753
387
3669
510
1694
1880
4828
2125
4835
955
7718
2772
270
3007
4084
4054
5060
997
634
1086
3062
248
2742
1014
2626
4238
1910
3861
900
7596
6913
1347
2281
1431
1902
1173
3966
294
558
37
1243
1269
6012
767
1878
67
4189
977
1179
722
3066
3052
2471
3989
4366
4254
5869
153
1263
4379
5402
2647
1277
1254
1779
3710
6670
1383
447
823
3432
1394
816
1742
4611
1951
5987
5138
112
3216
3301
219
4212
187
3992
182
2784
143
2060
4572
3735
1965
2292
4276
3292
1064
1749
2
209
6737
7036
1013
1396
1905
2261
5874
6271
3671
411
4402
6202
767
1962
1838
2186
391
4200
2187
4088
450
2574
516
549
64
3982
4509
3044
3596
5123
2977
592
2982
5130
3620
6042
1562
2350
1685
3604
5973
94
1774
2026
854
1954
1545
2125
2720
3069
2210
4392
1661
7374
4155
4509
1674
423
5075
4127
791
1829
2977
5695
1431
5949
2188
3715
733
1992
3491
31
3286
4971
7221
7936
899
1169
2822
449
5318
4073
5695
793
258
527
1585
693
484
952
2090
4656
2327
980
840
1028
2006
4086
248
6036
93
4014
1173
2925
4955
6813
6484
2737
3230
4200
6584
7126
257
3414
503
7412
4379
5122
1112
3963
1557
2596
818
4613
1155
253
5827
2414
1101
1236
4187
4676
1513
1489
2325
2887
59
4020
4933
5513
3821
1345
2407
5482
6210
6468
420
2252
1023
768
2093
6634
2935
3266
1033
4940
2722
3421
2823
792
2276
4161
3806
4794
418
5315
2049
3783
2173
4649
231
1779
384
2918
802
3613
457
3517
5935
5225
55
4127
3224
3202
1564
5174
234
3546
167
2391
846
396
265
2594
4182
4466
5028
766
848
1994
539
1798
1142
3187
557
3646
3571
6776
597
2996
1889
4167
1956
2091
173
3739
6114
1933
589
3858
476
1164
656
1324
364
307
1289
2489
629
1355
4417
1081
1859
2411
2261
317
700
1624
836
6108
2638
5330
3199
5604
4314
2390
2557
1237
460
716
1196
2503
1576
3480
2834
5482
842
4648
1753
920
7120
1040
1904
2879
2121
511
1649
4436
2550
3135
1745
3671
3580
4654
2033
319
312
446
5711
7647
1612
2968
3601
6447
446
1537
369
571
4813
2484
4476
5779
1545
2514
2585
1777
3347
2554
782
3025
520
1211
78
787
938
5839
203
2434
2403
2764
542
3946
167
2851
1916
2594
1461
2672
2237
4058
1206
2840
2444
5160
118
2637
5550
4571
1175
5418
3551
4179
1991
2228
2048
2869
939
3598
4887
4246
687
3339
1090
4792
1736
4679
4605
6072
2605
3316
2062
2966
4104
5588
4767
738
2367
2936
3810
6105
33
4916
6359
7782
633
978
3056
5210
3973
4734
5665
6451
1976
708
587
2373
4888
1515
6007
3033
1553
2701
995
3515
1297
1939
2087
1665
886
3697
1412
3371
390
4056
2406
1155
1412
5450
4552
4748
2342
1192
2699
6672
557
2438
3200
3630
1234
4040
1594
5561
5576
522
8024
3550
2588
2491
2286
3739
2754
2188
2353
3165
3391
4750
5432
1823
751
1733
2169
5275
2267
4081
333
1499
4933
4787
4795
1444
619
6672
679
4851
456
696
2721
2995
1934
4669
567
148
2251
3203
4445
3404
1868
2521
1983
2179
298
743
447
3702
1355
2272
926
1034
463
1258
945
3390
1326
1975
1771
8
620
2797
985
4787
767
2087
1480
4266
1079
1734
1138
3774
197
1986
2126
3764
2504
2839
1349
3012
496
2982
537
4156
598
1572
1991
2748
4077
4783
3539
4890
4598
3875
202
530
65
176
1142
4239
128
4292
938
1282
500
4629
5082
5610
77
728
3014
2266
4738
5218
194
6418
2599
256
1006
5152
1296
1021
4856
7409
341
1825
2193
2587
1422
1375
343
1152
1342
3236
730
3759
491
3777
2100
4449
646
1642
4820
6345
3873
916
1715
3184
466
5471
934
661
3661
3861
2434
2275
1724
2257
1490
5087
606
4748
4205
4583
231
2904
4379
5157
470
6296
4831
1001
1729
4585
1739
3379
1357
3313
4967
3241
2192
2639
1944
3235
4053
3998
233
4524
1215
1354
596
5280
3029
3834
3066
1834
1543
3842
5083
4638
2918
4503
1977
3853
2781
1292
3057
2474
2582
2560
3889
678
262
2236
2971
4020
5047
6717
6727
1783
1240
2065
2679
4707
2171
1639
2399
4770
2371
4145
2266
3342
1527
1240
4687
1962
94
2017
776
1616
2786
962
279
6540
615
824
2156
723
1622
1279
1198
3851
3726
3754
446
8706
7127
3009
6245
1292
1215
1166
4000
4878
1506
3001
76
1997
3219
3280
1237
5630
3090
4370
3870
5347
1398
7623
5331
2711
68
408
739
6483
935
5913
4491
5943
513
1475
238
1692
639
6144
2529
6539
1292
3788
5803
6264
68
944
498
2358
1286
4109
3083
3629
1552
2300
3795
4013
1865
4555
6204
605
2143
1822
530
5129
3387
1703
1261
3862
940
2861
2287
4376
2154
546
451
2680
2061
4442
3563
2457
5162
6236
488
4522
1685
4783
2203
2514
363
5944
6518
8208
3056
4272
296
3798
1096
1278
80
5511
1447
2537
1971
2536
1501
22
760
4692
3766
4009
1177
7001
4488
4926
6244
6799
320
603
4532
78
3138
6586
5252
5536
3064
3903
3572
3498
1593
524
1392
4105
1276
4150
474
3312
4513
1713
5326
6093
447
5769
147
4250
725
2988
1892
2952
1629
6152
4363
2647
878
2268
190
2531
1132
2796
1616
2100
2053
2927
860
4902
4957
1031
2277
6048
1681
5539
2212
4365
679
2352
3174
1834
3044
3216
913
7945
927
2918
1600
2675
1851
1891
4409
5767
245
2597
3948
4677
1126
5499
45
1004
2085
3708
3989
4053
813
1223
2198
1995
773
4642
4615
7091
240
722
2867
3636
1071
2710
6687
3425
4980
5093
2187
2944
415
4310
1439
5610
848
1485
2902
6537
2615
4906
5460
145
1342
1385
891
4483
979
4157
2056
4398
39
127
689
5657
2966
6921
4458
5100
1657
5401
2399
4059
4710
8240
5385
355
655
3695
1548
2120
2451
1152
3213
5666
4432
5177
151
1375
1036
2026
4305
4571
844
20
3102
4005
141
4521
191
505
498
7491
2137
4079
1762
3037
6481
203
2004
2847
632
1391
4174
4312
3820
4085
4382
742
2005
6624
175
269
2958
2037
218
4877
1299
4201
733
2463
2777
1749
1292
4608
3393
590
324
3469
4270
5474
670
221
1747
5529
2953
889
41
4019
3407
1517
6872
7315
53
284
1294
1227
128
2009
1435
667
4287
5270
5873
6247
86
1082
2963
3196
1693
953
3266
4491
491
3155
3771
4096
4999
5889
1880
2258
2085
3700
3455
2496
717
3700
623
4565
1428
5384
1429
2150
5281
1340
5158
6775
1006
4367
2386
2415
2144
6232
339
2311
688
1753
2488
5836
3679
5364
1360
2552
2767
4308
1604
5881
2451
2958
2307
250
1539
3893
2774
6605
2812
4207
385
1761
2923
3476
414
1940
1979
3057
2894
1077
3872
1325
698
1509
2097
3412
3335
19
3979
6486
176
5607
366
3063
2313
5201
842
1628
2856
7895
2407
4233
3571
3576
3583
3080
984
5744
746
895
3501
3627
2893
3605
3967
5145
3346
4259
3443
6202
4576
6319
4619
4749
289
3875
740
2857
655
4537
836
1314
537
706
1165
2251
182
58
753
3995
3658
6047
7600
2370
4362
1153
4867
2915
1244
5891
30
5194
78
1793
8310
161
444
1104
4033
2112
2108
2903
2595
1621
1565
3051
3225
5148
4284
5281
14
1614
1800
2415
1010
3396
3788
5243
3253
4556
755
1655
1162
1245
687
2154
584
1435
553
2217
1062
5289
1983
2448
5565
333
661
5293
2857
2425
4524
5089
2177
1940
2236
3634
230
5072
5139
6071
4325
4391
1851
4122
3096
7445
3146
3194
569
4259
285
2963
1453
4803
722
1227
2747
791
1980
2920
1705
758
305
1051
676
392
768
3165
1491
4947
129
1687
3033
2056
846
2882
4178
4983
214
1100
3414
6429
605
1114
1038
335
1974
2638
1664
3512
1113
3395
5319
7244
593
482
5820
4653
1190
1357
633
835
2449
2731
814
3588
1931
2160
3129
1032
3433
853
2649
3879
338
4107
2461
3551
926
1641
2636
5169
1959
2064
3981
4883
2951
6404
4646
6232
3454
5704
707
1385
1124
6325
1397
781
744
888
2494
5293
2251
3377
41
1306
1370
1813
4563
1334
1020
1130
2438
1915
3321
2255
2752
2191
1080
1255
120
660
1962
2430
3561
5856
3012
5715
5301
6996
3898
4088
6293
1427
1453
1388
174
1688
1133
2905
624
2231
421
2232
523
4561
5223
5474
114
2219
1166
2353
6085
6315
40
