997
996
995
989
992
987
991
979
987
977
991
983
980
981
984
973
976
977
981
973
976
971
967
961
971
968
930
974
978
972
963
933
942
949
962
935
972
936
979
924
960
947
955
921
967
904
930
950
956
933
970
875
958
857
904
960
969
947
968
939
944
951
844
849
924
929
936
827
865
934
918
840
876
773
878
898
905
912
958
873
903
832
900
879
915
955
857
914
752
947
891
748
891
870
897
920
941
918
950
675
889
963
968
871
820
828
947
852
849
788
868
878
915
910
960
776
799
903
899
909
929
898
936
939
901
728
808
711
731
827
853
661
852
826
905
821
728
712
704
901
923
825
831
699
754
790
865
710
747
715
865
525
800
807
846
576
878
814
760
819
825
679
765
454
703
819
844
844
762
903
877
930
555
791
856
729
835
719
669
917
943
882
833
505
711
790
890
784
824
854
885
897
915
900
625
679
821
934
879
574
542
879
818
871
723
815
847
571
828
776
764
547
771
825
940
808
824
761
845
743
783
609
783
698
776
879
728
890
761
874
786
755
584
745
787
854
552
461
842
769
880
911
549
773
874
798
587
646
867
811
891
671
671
120
651
512
627
594
727
795
531
530
775
503
601
223
324
710
801
781
791
525
695
564
408
648
597
671
550
810
327
590
744
797
818
748
825
57
378
633
727
129
635
483
640
675
679
335
710
299
693
579
729
444
501
400
670
285
543
454
719
496
536
557
788
684
784
667
711
661
813
709
798
639
669
720
762
197
365
589
658
654
770
358
747
622
516
672
517
708
761
752
730
546
926
363
312
427
738
394
821
439
590
766
799
418
593
585
623
385
623
699
816
419
857
747
643
395
489
473
683
658
522
884
813
228
537
752
745
732
802
847
603
819
566
836
720
735
759
520
533
258
295
731
501
780
928
805
832
503
549
518
489
263
643
735
771
692
758
396
714
501
741
746
787
234
448
621
669
293
719
696
630
165
342
382
598
751
662
551
543
733
801
400
778
498
649
509
662
290
625
555
668
321
251
708
714
690
195
635
511
767
410
593
707
565
872
331
742
840
394
556
656
431
739
252
514
454
671
641
663
543
789
530
359
379
445
373
788
680
466
274
567
834
684
455
467
356
589
855
860
676
720
580
557
352
612
463
816
230
395
331
616
549
666
638
661
45
113
240
158
24
453
203
350
6
563
531
533
14
419
249
442
516
6
9
515
180
97
365
103
82
108
54
281
15
260
216
737
545
767
317
720
169
267
200
536
256
125
384
167
228
476
46
576
666
467
520
384
150
210
258
211
412
518
554
718
298
767
504
689
14
381
738
28
29
34
65
240
616
540
209
396
83
48
553
11
252
64
447
237
13
245
607
415
192
322
305
37
6
176
53
447
224
129
164
630
98
366
149
289
33
95
89
370
63
217
16
38
319
338
155
321
133
247
223
359
289
35
178
235
266
425
357
734
579
519
615
45
126
614
612
737
123
631
133
698
115
4
503
591
506
391
107
633
94
121
31
106
238
450
588
32
94
141
629
217
220
289
304
465
200
303
254
317
48
366
29
39
501
534
480
657
226
466
621
557
195
393
107
494
238
221
0
293
105
232
35
444
198
152
113
570
114
303
169
485
360
451
354
43
159
86
357
150
404
410
550
605
15
311
298
431
102
563
336
639
188
370
272
836
217
328
177
410
123
176
269
91
247
434
303
26
103
496
385
364
385
539
440
441
127
179
406
459
623
561
581
165
132
709
332
420
144
759
377
462
10
73
150
377
231
492
480
299
112
194
203
390
152
48
14
44
91
150
3
101
42
676
438
245
11
57
510
534
337
173
137
669
96
144
244
421
152
300
249
262
54
157
310
357
250
295
415
364
1
494
40
652
92
316
650
420
60
450
229
368
318
196
716
501
33
128
230
299
153
253
560
329
124
244
137
471
397
79
553
410
80
113
64
138
358
44
560
393
177
575
0
596
210
370
87
503
99
397
205
261
80
380
211
418
274
423
14
294
377
413
320
610
25
218
12
55
335
385
534
275
117
151
8
226
459
550
324
437
42
257
100
137
285
490
284
342
231
666
67
140
439
566
553
562
124
363
544
623
278
313
403
10
175
352
0
307
141
507
301
551
196
298
200
544
94
171
108
127
142
19
28
414
370
560
625
24
278
517
8
348
407
288
163
315
15
19
356
399
193
353
220
487
244
272
239
283
54
236
305
412
260
722
253
651
189
266
166
110
335
327
304
581
295
506
594
435
231
502
28
592
70
116
297
89
8
90
111
249
108
112
698
781
97
